mp3time|Mp3 vaqt davomiyligi|2,278,279,42,43|text||0|0|0|0|||0|0|||
mp3joy|Mp3 joyi (MB)|2,278,279,42,43|text||0|0|0|0|||0|0|||
mp3bit|Mp3 bitreyt|2,278,279,42,43|text||0|0|0|0|||0|0|||
mp3down|Mp3 ссылка скачать|2,278,279,42,43|text||0|0|0|0|||0|0|||
screen|Mp3 / klip / kino (skrin / banner)|1,297,74,290,76,288,116,103,117,284,106,286,113,285,291,100,108,287,105,104,102,122,124,125,277,289,264,266,268,280,281,282,283,34,292,35,36,37,38,39,40,2,278,279,42,43|text||0|0|0|0|||0|0|||
screen1|Skrin 1|1,297,74,290,76,288,116,103,117,284,106,286,113,285,291,100,108,287,105,104,102,122,124,125,277,289,34,292,35,36,37,38,39,40|text||0|0|0|0|||0|0|||
screen2|Skrin 2|1,297,74,290,76,288,116,103,117,284,106,286,113,285,291,100,108,287,105,104,102,122,124,125,277,289,34,292,35,36,37,38,39,40|text||0|0|0|0|||0|0|||
screen3|Skrin 3|1,297,74,290,76,288,116,103,117,284,106,286,113,285,291,100,108,287,105,104,102,122,124,125,277,289,34,292,35,36,37,38,39,40|text||0|0|0|0|||0|0|||
screen4|Skrin 4|1,297,74,290,76,288,116,103,117,284,106,286,113,285,291,100,108,287,105,104,102,122,124,125,277,289,34,292,35,36,37,38,39,40|text||0|0|0|0|||0|0|||
cliptitle|Klip nomi|34,292,35,36,37,38,39,40|text||0|0|0|0|||0|0|||
clipartist|Klip ijrochisi|34,292,35,36,37,38,39,40|text||0|0|0|0|||0|0|||
cliptime|Klip vaqti|34,292,35,36,37,38,39,40|text||0|0|0|0|||0|0|||
clipjoy|Klip joyi (MB)|34,292,35,36,37,38,39,40|text||0|0|0|0|||0|0|||
clipdown|Klip / konsert ссылка скачать|34,292,35,36,37,38,39,40|text||0|0|0|0|||0|0|||
rejisser|Режиссеры|1,297,74,290,76,288,116,103,117,284,106,286,113,285,291,100,108,287,105,104,102,122,124,125,277,289|text||0|0|0|0|||0|0|||
actors|В ролях|1,297,74,290,76,288,116,103,117,284,106,286,113,285,291,100,108,287,105,104,102,122,124,125,277,289|text||0|0|0|0|||0|0|||
quality|Качество фильма|1,297,74,290,76,288,116,103,117,284,106,286,113,285,291,100,108,287,105,104,102,122,124,125,277,289|select|http://vevo.uz/templates/vevo/img/hd.png__NEWL__http://vevo.uz/templates/vevo/img/sd.png__NEWL__http://vevo.uz/templates/vevo/img/camrip.png__NEWL__http://vevo.uz/templates/vevo/img/ts.png__NEWL__http://vevo.uz/templates/vevo/img/fullhd.png|0|0|0|0|||0|0|||
timekino|Время фильма / сериала (мин)|1,297,74,290,76,288,116,103,117,284,106,286,113,285,291,100,108,287,105,104,102|text||0|0|0|0|||0|0|||
strana|Страна|1,297,74,290,76,288,116,103,117,284,106,286,113,285,291,100,108,287,105,104,102,122,124,125,277,289|text||0|0|0|0|||0|0|||
ozvuchka|Озвучка|1,297,74,290,76,288,116,103,117,284,106,286,113,285,291,100,108,287,105,104,102,122,124,125,277,289|select|Профессиональная__NEWL__Любительский__NEWL__Звук с TS|0|0|0|0|||0|0|||
year|Год|1,297,74,290,76,288,116,103,117,284,106,286,113,285,291,100,108,287,105,104,102|text||0|0|0|0|||0|0|||
filmdown|Фильм скачать ссылка|1,297,74,290,76,288,116,103,117,284,106,286,113,285,291,100,108,287,105,104,102|text||1|0|0|0|||0|0|||
new|new - deb yozing|1,297,122|text||1|0|0|0|||0|0|||
opisanie|Описание фильма|1,297,74,290,76,288,116,103,117,284,106,286,113,285,291,100,108,287,105,104,102,122,124,125,277,289|textarea||0|0|0|0|||0|0|||
trailer|Трейлер 1|1,297,74,290,76,288,116,103,117,284,106,286,113,285,291,100,108,287,105,104,102,122,293,124,125,277,289|text||1|0|0|0|||0|0|||
trailer2|Трейлер 2|1,297,74,290,76,288,116,103,117,284,106,286,113,285,291,100,108,287,105,104,102,122,293,124,125,277,289|text||1|0|0|0|||0|0|||
sezonseria|Сезон - Серия|122,124,125,277|text||0|0|0|0|||0|0|||
seria0|Серия 0|122,124,125,277|text||1|0|0|0|||0|0|||
seria1|Серия 1|122|text||1|0|0|0|||0|0|||
seria2|Серия 2|122|text||1|0|0|0|||0|0|||
seria3|Серия 3|122|text||1|0|0|0|||0|0|||
seria4|Серия 4|122|text||1|0|0|0|||0|0|||
seria5|Серия 5|122|text||1|0|0|0|||0|0|||
seria6|Серия 6|122|text||1|0|0|0|||0|0|||
seria7|Серия 7|122|text||1|0|0|0|||0|0|||
seria8|Серия 8|122|text||1|0|0|0|||0|0|||
seria9|Серия 9|122|text||1|0|0|0|||0|0|||
seria10|Серия 10|122|text||1|0|0|0|||0|0|||
seria11|Серия 11|122|text||1|0|0|0|||0|0|||
seria12|Серия 12|122|text||1|0|0|0|||0|0|||
seria13|Серия 13|122|text||1|0|0|0|||0|0|||
seria14|Серия 14|122|text||1|0|0|0|||0|0|||
seria15|Серия 15|122|text||1|0|0|0|||0|0|||
seria16|Серия 16|122|text||1|0|0|0|||0|0|||
seria17|Серия 17|122|text||1|0|0|0|||0|0|||
seria18|Серия 18|122|text||1|0|0|0|||0|0|||
seria19|Серия 19|122|text||1|0|0|0|||0|0|||
seria20|Серия 20|122|text||1|0|0|0|||0|0|||
seria21|Серия 21|122|text||1|0|0|0|||0|0|||
seria22|Серия 22|122|text||1|0|0|0|||0|0|||
seria23|Серия 23|122|text||1|0|0|0|||0|0|||
seria24|Серия 24|122|text||1|0|0|0|||0|0|||
seria25|Серия 25|122|text||1|0|0|0|||0|0|||
seria26|Серия 26|122|text||1|0|0|0|||0|0|||
seria27|Серия 27|122|text||1|0|0|0|||0|0|||
seria28|Серия 28|122|text||1|0|0|0|||0|0|||
seria29|Серия 29|122|text||1|0|0|0|||0|0|||
seria30|Серия 30|122|text||1|0|0|0|||0|0|||
seria31|Серия 31|122|text||1|0|0|0|||0|0|||
seria32|Серия 32|122|text||1|0|0|0|||0|0|||
seria33|Серия 33|122|text||1|0|0|0|||0|0|||
seria34|Серия 34|122|text||1|0|0|0|||0|0|||
seria35|Серия 35|122|text||1|0|0|0|||0|0|||
seria36|Серия 36|122|text||1|0|0|0|||0|0|||
seria37|Серия 37|122|text||1|0|0|0|||0|0|||
seria38|Серия 38|122|text||1|0|0|0|||0|0|||
seria39|Серия 39|122|text||1|0|0|0|||0|0|||
seria40|Серия 40|122,124,125,277|text||1|0|0|0|||0|0|||
sezon1|Сезон 1|122,124,125,277|text||1|0|0|0|||0|0|||
sezon2|Сезон 2|122,124,125,277|text||1|0|0|0|||0|0|||
sezon3|Сезон 3|122,124,125,277|text||1|0|0|0|||0|0|||
sezon4|Сезон 4|122,124,125,277|text||1|0|0|0|||0|0|||
sezon5|Сезон 5|122,124,125,277|text||1|0|0|0|||0|0|||
sezon6|Сезон 6|122,124,125,277|text||1|0|0|0|||0|0|||
sezon7|Сезон 7|122,124,125,277|text||1|0|0|0|||0|0|||
sezon8|Сезон 8|122,124,125,277|text||1|0|0|0|||0|0|||
sezon9|Сезон 9|122,124,125,277|text||1|0|0|0|||0|0|||
sezon10|Сезон 10|122,124,125,277|text||1|0|0|0|||0|0|||